1        543118   1
2        340099   1
3        73832    1
4        14964    0.93525
5        40165    1
6        199355   1
7        23639    1
8        19538    1
9        15534    0.970875
10       3840     0.24
11       4866     0.304125
12       20968    1
13       6837     0.427312
14       19261    1
15       14136    0.8835
16       22826    1
17       10957    0.684813
18       15120    0.945
19       9648     0.603
20       6355     0.397188
21       8916     0.55725
22       7352     0.4595
23       6941     0.433812
24       8306     0.519125
25       9899     0.618687
26       8244     0.51525
27       7529     0.470562
28       6875     0.429688
29       8102     0.506375
30       7010     0.438125
31       8127     0.507938
32       6742     0.421375
33       7350     0.459375
34       7875     0.492188
35       13264    0.829
36       8585     0.536563
37       7337     0.458562
38       6280     0.3925
39       6796     0.42475
40       6685     0.417812
41       11098    0.693625
42       6906     0.431625
43       7094     0.443375
44       6661     0.416312
45       9973     0.623313
46       5912     0.3695
47       7389     0.461813
48       7114     0.444625
49       7183     0.448937
50       6773     0.423312
51       10050    0.628125
52       6386     0.399125
53       6614     0.413375
54       8625     0.539062
55       7057     0.441063
56       6488     0.4055
57       8061     0.503812
58       5736     0.3585
59       9047     0.565438
60       5881     0.367563
61       10691    0.668188
62       9160     0.5725
63       8123     0.507687
64       11210    0.700625
65       8443     0.527687
66       11777    0.736062
67       5911     0.369437
68       6810     0.425625
69       13515    0.844688
70       9322     0.582625
71       12378    0.773625
72       8446     0.527875
73       6921     0.432563
74       9376     0.586
75       11658    0.728625
76       11903    0.743938
77       5300     0.33125
78       7113     0.444563
79       9384     0.5865
80       8409     0.525563
81       6637     0.414812
82       6836     0.42725
83       6874     0.429625
84       6094     0.380875
85       7367     0.460437
86       6620     0.41375
87       7432     0.4645
88       6698     0.418625
89       6760     0.4225
90       7130     0.445625
91       6742     0.421375
92       7062     0.441375
93       7180     0.44875
94       6787     0.424187
95       7807     0.487938
96       6663     0.416438
97       6272     0.392
98       5824     0.364
99       6862     0.428875
100      8684     0.54275
101      7623     0.476438
102      6417     0.401062
103      7422     0.463875
104      6173     0.385813
105      7405     0.462813
106      6408     0.4005
107      7338     0.458625
108      7435     0.464687
109      6765     0.422812
110      7468     0.46675
111      6373     0.398313
112      9013     0.563312
113      6792     0.4245
114      6201     0.387562
115      6289     0.393062
116      10157    0.634813
117      6430     0.401875
118      6126     0.382875
119      7748     0.48425
120      6287     0.392937
121      6859     0.428687
122      14556    0.90975
123      10991    0.686937
124      11914    0.744625
125      11420    0.71375
126      11167    0.697937
127      10072    0.6295
128      13339    0.833688
129      10667    0.666687
130      13471    0.841938
131      12488    0.7805
132      14123    0.882687
133      10539    0.658687
134      12902    0.806375
135      11424    0.714
136      12645    0.790312
137      13286    0.830375
138      12767    0.797937
139      9243     0.577688
140      15297    0.956063
141      13251    0.828187
142      12826    0.801625
143      11486    0.717875
144      12733    0.795813
145      11812    0.73825
146      13670    0.854375
147      9342     0.583875
148      13282    0.830125
149      10831    0.676937
150      12664    0.7915
151      13473    0.842063
152      13744    0.859
153      9833     0.614563
154      8523     0.532687
155      7451     0.465687
156      7984     0.499
157      7834     0.489625
158      6579     0.411187
159      8635     0.539687
160      8897     0.556063
161      4083     0.255188
162      3634     0.227125
163      3677     0.229813
164      5518     0.344875
165      3821     0.238813
166      4927     0.307937
167      5099     0.318688
168      31578    1
169      7067     0.441688
170      4182     0.261375
171      4649     0.290563
172      5263     0.328937
173      4193     0.262062
174      5005     0.312812
175      4223     0.263937
176      5304     0.3315
177      4189     0.261813
178      4808     0.3005
179      6373     0.398313
180      5079     0.317437
181      6286     0.392875
182      4469     0.279313
183      4348     0.27175
184      4572     0.28575
185      3468     0.21675
186      6765     0.422812
187      3896     0.2435
188      4776     0.2985
189      5286     0.330375
190      3585     0.224062
191      4636     0.28975
192      4218     0.263625
193      6063     0.378937
194      3717     0.232313
195      6507     0.406687
196      5288     0.3305
197      4618     0.288625
198      3451     0.215688
199      4459     0.278687
200      3944     0.2465
201      6485     0.405313
202      4515     0.282187
203      6133     0.383313
204      5680     0.355
205      7111     0.444437
206      4435     0.277187
207      4932     0.30825
208      6545     0.409062
209      4533     0.283313
210      5807     0.362938
211      3924     0.24525
212      7980     0.49875
213      3399     0.212438
214      5997     0.374812
215      6243     0.390188
216      7377     0.461062
217      12366    0.772875
218      12071    0.754437
219      5787     0.361687
220      7705     0.481563
221      9189     0.574313
222      7145     0.446562
223      6165     0.385313
224      8509     0.531813
225      7848     0.4905
226      3292     0.20575
227      7079     0.442437
228      5207     0.325437
229      5606     0.350375
230      4596     0.28725
231      4327     0.270437
232      5555     0.347187
233      4317     0.269813
234      3271     0.204437
235      7173     0.448313
236      5034     0.314625
237      3576     0.2235
238      7791     0.486938
239      3475     0.217188
240      4933     0.308312
241      3775     0.235937
242      5172     0.32325
243      4367     0.272937
244      4058     0.253625
245      6132     0.38325
246      5117     0.319812
247      3220     0.20125
248      5971     0.373188
249      3773     0.235813
250      7299     0.456188
251      8025     0.501563
252      5889     0.368063
253      10136    0.6335
254      6651     0.415687
255      5365     0.335313
256      4934     0.308375
257      8605     0.537813
258      6867     0.429187
259      6629     0.414312
260      3353     0.209563
261      5064     0.3165
262      4790     0.299375
263      5364     0.33525
264      4537     0.283562
265      4399     0.274938
266      7628     0.47675
267      9098     0.568625
268      7577     0.473562
269      8085     0.505313
270      8117     0.507313
271      10045    0.627812
272      7275     0.454688
273      9100     0.56875
274      8110     0.506875
275      9759     0.609938
276      8058     0.503625
277      8176     0.511
278      8880     0.555
279      9343     0.583937
280      8595     0.537188
281      8592     0.537
282      7252     0.45325
283      11618    0.726125
284      6945     0.434063
285      8977     0.561063
286      8840     0.5525
287      43834    1
288      11282    0.705125
289      11401    0.712562
290      9077     0.567312
291      11048    0.6905
292      12683    0.792687
293      10834    0.677125
294      12104    0.7565
295      3721     0.232563
296      5024     0.314
297      6533     0.408313
298      3927     0.245438
299      8198     0.512375
300      3630     0.226875
301      6418     0.401125
302      5306     0.331625
303      4748     0.29675
304      4591     0.286938
305      5385     0.336562
306      5891     0.368188
307      5986     0.374125
308      5043     0.315188
309      7982     0.498875
310      5407     0.337938
311      4019     0.251188
312      4669     0.291812
313      3803     0.237687
314      5178     0.323625
315      6466     0.404125
316      5073     0.317063
317      5475     0.342187
318      3775     0.235937
319      4960     0.31
320      5346     0.334125
321      5089     0.318063
322      4151     0.259437
323      4600     0.2875
324      7036     0.43975
325      5543     0.346438
326      5161     0.322562
327      9097     0.568562
328      4130     0.258125
329      6006     0.375375
330      3576     0.2235
331      5567     0.347938
332      3429     0.214312
333      9842     0.615125
334      4763     0.297687
335      5744     0.359
336      3311     0.206937
337      7417     0.463562
338      3608     0.2255
339      4492     0.28075
340      3871     0.241937
341      4618     0.288625
342      5359     0.334937
343      3085     0.192812
344      6108     0.38175
345      7162     0.447625
346      7633     0.477063
347      8687     0.542937
348      6936     0.4335
349      13365    0.835313
350      12695    0.793438
351      13977    0.873563
352      6118     0.382375
353      5072     0.317
354      4772     0.29825
355      5229     0.326813
356      3942     0.246375
357      5133     0.320813
358      3716     0.23225
359      5325     0.332813
360      5630     0.351875
361      4856     0.3035
362      5143     0.321437
363      4662     0.291375
364      8386     0.524125
365      9153     0.572063
366      8494     0.530875
367      10055    0.628437
368      8188     0.51175
369      6232     0.3895
370      6478     0.404875
371      7504     0.469
372      5034     0.314625
373      4605     0.287813
374      5388     0.33675
375      2659     0.166187
376      3107     0.194188
377      2879     0.179938
378      3546     0.221625
379      2398     0.149875
380      3515     0.219688
381      2348     0.14675
382      3298     0.206125
383      3428     0.21425
384      2512     0.157
385      3018     0.188625
386      2408     0.1505
387      3114     0.194625
388      2923     0.182688
389      2743     0.171437
390      3121     0.195062
391      2712     0.1695
392      2756     0.17225
393      3198     0.199875
394      2521     0.157562
395      3486     0.217875
396      3038     0.189875
397      5197     0.324813
398      2474     0.154625
399      3460     0.21625
400      4061     0.253812
